3.9887e+00 1.1988e+01
3.9774e+00 1.1976e+01
3.9660e+00 1.1964e+01
3.9547e+00 1.1952e+01
3.9434e+00 1.1940e+01
3.9321e+00 1.1928e+01
3.9207e+00 1.1916e+01
3.9094e+00 1.1904e+01
3.8981e+00 1.1893e+01
3.8868e+00 1.1881e+01
3.8754e+00 1.1869e+01
3.8641e+00 1.1857e+01
3.8528e+00 1.1845e+01
3.8415e+00 1.1833e+01
3.8301e+00 1.1821e+01
3.8188e+00 1.1809e+01
3.8075e+00 1.1797e+01
3.7962e+00 1.1785e+01
3.7848e+00 1.1773e+01
3.7735e+00 1.1761e+01
3.7622e+00 1.1749e+01
3.7509e+00 1.1737e+01
3.7395e+00 1.1725e+01
3.7282e+00 1.1713e+01
3.7169e+00 1.1702e+01
3.7056e+00 1.1690e+01
3.6943e+00 1.1678e+01
3.6829e+00 1.1666e+01
3.6716e+00 1.1654e+01
3.6603e+00 1.1642e+01
3.6490e+00 1.1630e+01
3.6376e+00 1.1618e+01
3.6263e+00 1.1606e+01
3.6150e+00 1.1594e+01
3.6037e+00 1.1582e+01
3.5923e+00 1.1570e+01
3.5810e+00 1.1558e+01
3.5697e+00 1.1546e+01
3.5584e+00 1.1534e+01
3.5470e+00 1.1522e+01
3.5357e+00 1.1511e+01
3.5244e+00 1.1499e+01
3.5131e+00 1.1487e+01
3.5017e+00 1.1475e+01
3.4904e+00 1.1463e+01
3.4791e+00 1.1451e+01
3.4678e+00 1.1439e+01
3.4564e+00 1.1427e+01
3.4451e+00 1.1415e+01
3.4338e+00 1.1403e+01
3.4225e+00 1.1391e+01
3.4112e+00 1.1379e+01
3.3998e+00 1.1367e+01
3.3885e+00 1.1355e+01
3.3772e+00 1.1343e+01
3.3659e+00 1.1331e+01
3.3545e+00 1.1320e+01
3.3432e+00 1.1308e+01
3.3319e+00 1.1296e+01
3.3206e+00 1.1284e+01
3.3092e+00 1.1272e+01
3.2979e+00 1.1260e+01
3.2866e+00 1.1248e+01
3.2753e+00 1.1236e+01
3.2639e+00 1.1224e+01
3.2526e+00 1.1212e+01
3.2413e+00 1.1200e+01
3.2300e+00 1.1188e+01
3.2186e+00 1.1176e+01
3.2073e+00 1.1164e+01
3.1960e+00 1.1152e+01
3.1847e+00 1.1140e+01
3.1734e+00 1.1129e+01
3.1620e+00 1.1117e+01
3.1507e+00 1.1105e+01
3.1394e+00 1.1093e+01
3.1281e+00 1.1081e+01
3.1167e+00 1.1069e+01
3.1054e+00 1.1057e+01
3.0941e+00 1.1045e+01
3.0828e+00 1.1033e+01
3.0714e+00 1.1021e+01
3.0601e+00 1.1009e+01
3.0488e+00 1.0997e+01
3.0375e+00 1.0985e+01
3.0261e+00 1.0973e+01
3.0148e+00 1.0961e+01
3.0035e+00 1.0949e+01
2.9922e+00 1.0938e+01
2.9808e+00 1.0926e+01
2.9695e+00 1.0914e+01
2.9582e+00 1.0902e+01
2.9469e+00 1.0890e+01
2.9355e+00 1.0878e+01
2.9242e+00 1.0866e+01
2.9129e+00 1.0854e+01
2.9016e+00 1.0842e+01
2.8903e+00 1.0830e+01
2.8789e+00 1.0818e+01
2.8676e+00 1.0806e+01
2.8563e+00 1.0794e+01
2.8450e+00 1.0782e+01
2.8336e+00 1.0770e+01
2.8223e+00 1.0758e+01
2.8110e+00 1.0747e+01
2.7997e+00 1.0735e+01
2.7883e+00 1.0723e+01
2.7770e+00 1.0711e+01
2.7657e+00 1.0699e+01
2.7544e+00 1.0687e+01
2.7430e+00 1.0675e+01
2.7317e+00 1.0663e+01
2.7204e+00 1.0651e+01
2.7091e+00 1.0639e+01
2.6977e+00 1.0627e+01
2.6864e+00 1.0615e+01
2.6751e+00 1.0603e+01
2.6638e+00 1.0591e+01
2.6524e+00 1.0579e+01
2.6411e+00 1.0567e+01
2.6298e+00 1.0556e+01
2.6185e+00 1.0544e+01
2.6072e+00 1.0532e+01
2.5958e+00 1.0520e+01
2.5845e+00 1.0508e+01
2.5732e+00 1.0496e+01
2.5619e+00 1.0484e+01
2.5505e+00 1.0472e+01
2.5392e+00 1.0460e+01
2.5279e+00 1.0448e+01
2.5166e+00 1.0436e+01
2.5052e+00 1.0424e+01
2.4939e+00 1.0412e+01
2.4826e+00 1.0400e+01
2.4713e+00 1.0388e+01
2.4599e+00 1.0376e+01
2.4486e+00 1.0365e+01
2.4373e+00 1.0353e+01
2.4260e+00 1.0341e+01
2.4146e+00 1.0329e+01
2.4033e+00 1.0317e+01
2.3920e+00 1.0305e+01
2.3807e+00 1.0293e+01
2.3694e+00 1.0281e+01
2.3580e+00 1.0269e+01
2.3467e+00 1.0257e+01
2.3354e+00 1.0245e+01
2.3241e+00 1.0233e+01
2.3127e+00 1.0221e+01
2.3014e+00 1.0209e+01
2.2901e+00 1.0197e+01
2.2788e+00 1.0185e+01
2.2674e+00 1.0174e+01
2.2561e+00 1.0162e+01
2.2448e+00 1.0150e+01
2.2335e+00 1.0138e+01
2.2221e+00 1.0126e+01
2.2108e+00 1.0114e+01
2.1995e+00 1.0102e+01
2.1882e+00 1.0090e+01
2.1768e+00 1.0078e+01
2.1655e+00 1.0066e+01
2.1542e+00 1.0054e+01
2.1429e+00 1.0042e+01
2.1315e+00 1.0030e+01
2.1202e+00 1.0018e+01
2.1089e+00 1.0006e+01
2.0976e+00 9.9945e+00
2.0863e+00 9.9825e+00
2.0749e+00 9.9706e+00
2.0636e+00 9.9587e+00
2.0523e+00 9.9467e+00
2.0410e+00 9.9348e+00
2.0296e+00 9.9228e+00
2.0183e+00 9.9109e+00
2.0070e+00 9.8990e+00
1.9957e+00 9.8870e+00
1.9843e+00 9.8751e+00
1.9730e+00 9.8632e+00
1.9617e+00 9.8512e+00
1.9504e+00 9.8393e+00
1.9390e+00 9.8273e+00
1.9277e+00 9.8154e+00
1.9164e+00 9.8035e+00
1.9051e+00 9.7915e+00
1.8937e+00 9.7796e+00
1.8824e+00 9.7677e+00
1.8711e+00 9.7557e+00
1.8598e+00 9.7438e+00
1.8484e+00 9.7318e+00
1.8371e+00 9.7199e+00
1.8258e+00 9.7080e+00
1.8145e+00 9.6960e+00
1.8032e+00 9.6841e+00
1.7918e+00 9.6721e+00
1.7805e+00 9.6602e+00
1.7692e+00 9.6483e+00
1.7579e+00 9.6363e+00
1.7465e+00 9.6244e+00
1.7352e+00 9.6125e+00
1.7239e+00 9.6005e+00
1.7126e+00 9.5886e+00
1.7012e+00 9.5766e+00
1.6899e+00 9.5647e+00
1.6786e+00 9.5528e+00
1.6673e+00 9.5408e+00
1.6559e+00 9.5289e+00
1.6446e+00 9.5170e+00
1.6333e+00 9.5050e+00
1.6220e+00 9.4931e+00
1.6106e+00 9.4811e+00
1.5993e+00 9.4692e+00
1.5880e+00 9.4573e+00
1.5767e+00 9.4453e+00
1.5653e+00 9.4334e+00
1.5540e+00 9.4214e+00
1.5427e+00 9.4095e+00
1.5314e+00 9.3976e+00
1.5201e+00 9.3856e+00
1.5087e+00 9.3737e+00
1.4974e+00 9.3618e+00
1.4861e+00 9.3498e+00
1.4748e+00 9.3379e+00
1.4634e+00 9.3259e+00
1.4521e+00 9.3140e+00
1.4408e+00 9.3021e+00
1.4295e+00 9.2901e+00
1.4181e+00 9.2782e+00
1.4068e+00 9.2662e+00
1.3955e+00 9.2543e+00
1.3842e+00 9.2424e+00
1.3728e+00 9.2304e+00
1.3615e+00 9.2185e+00
1.3502e+00 9.2066e+00
1.3389e+00 9.1946e+00
1.3275e+00 9.1827e+00
1.3162e+00 9.1707e+00
1.3049e+00 9.1588e+00
1.2936e+00 9.1469e+00
1.2822e+00 9.1349e+00
1.2709e+00 9.1230e+00
1.2596e+00 9.1110e+00
1.2483e+00 9.0991e+00
1.2370e+00 9.0872e+00
1.2256e+00 9.0752e+00
1.2143e+00 9.0633e+00
1.2030e+00 9.0514e+00
1.1917e+00 9.0394e+00
1.1803e+00 9.0275e+00
1.1690e+00 9.0155e+00
1.1577e+00 9.0036e+00
1.1464e+00 8.9917e+00
1.1350e+00 8.9797e+00
1.1237e+00 8.9678e+00
1.1124e+00 8.9558e+00
1.1011e+00 8.9439e+00
1.0897e+00 8.9320e+00
1.0784e+00 8.9200e+00
1.0671e+00 8.9081e+00
1.0558e+00 8.8961e+00
1.0444e+00 8.8842e+00
1.0331e+00 8.8723e+00
1.0218e+00 8.8603e+00
1.0105e+00 8.8484e+00
9.9915e-01 8.8364e+00
9.8782e-01 8.8245e+00
9.7650e-01 8.8126e+00
9.6517e-01 8.8006e+00
9.5385e-01 8.7887e+00
9.4253e-01 8.7767e+00
9.3120e-01 8.7648e+00
9.1988e-01 8.7529e+00
9.0855e-01 8.7409e+00
8.9723e-01 8.7290e+00
8.8590e-01 8.7170e+00
8.7458e-01 8.7051e+00
8.6326e-01 8.6932e+00
8.5193e-01 8.6812e+00
8.4061e-01 8.6693e+00
8.2928e-01 8.6573e+00
8.1796e-01 8.6454e+00
8.0663e-01 8.6335e+00
7.9531e-01 8.6215e+00
7.8399e-01 8.6096e+00
7.7266e-01 8.5976e+00
7.6134e-01 8.5857e+00
7.5001e-01 8.5738e+00
7.3869e-01 8.5618e+00
7.2736e-01 8.5499e+00
7.1604e-01 8.5379e+00
7.0471e-01 8.5260e+00
6.9339e-01 8.5140e+00
6.8206e-01 8.5021e+00
6.7074e-01 8.4902e+00
6.5942e-01 8.4782e+00
6.4809e-01 8.4663e+00
6.3677e-01 8.4543e+00
6.2544e-01 8.4424e+00
6.1412e-01 8.4304e+00
6.0279e-01 8.4185e+00
5.9147e-01 8.4066e+00
5.8014e-01 8.3946e+00
5.6882e-01 8.3827e+00
5.5749e-01 8.3707e+00
5.4617e-01 8.3588e+00
5.3484e-01 8.3468e+00
5.2352e-01 8.3349e+00
5.1219e-01 8.3229e+00
5.0087e-01 8.3110e+00
4.8954e-01 8.2991e+00
4.7822e-01 8.2871e+00
4.6689e-01 8.2752e+00
4.5556e-01 8.2632e+00
4.4424e-01 8.2513e+00
4.3291e-01 8.2393e+00
4.2159e-01 8.2274e+00
4.1026e-01 8.2154e+00
3.9894e-01 8.2035e+00
3.8761e-01 8.1915e+00
3.7629e-01 8.1796e+00
3.6496e-01 8.1676e+00
3.5363e-01 8.1557e+00
3.4231e-01 8.1438e+00
3.3098e-01 8.1318e+00
3.1965e-01 8.1199e+00
3.0833e-01 8.1079e+00
2.9700e-01 8.0960e+00
2.8567e-01 8.0840e+00
2.7435e-01 8.0721e+00
2.6302e-01 8.0601e+00
2.5169e-01 8.0481e+00
2.4037e-01 8.0362e+00
2.2904e-01 8.0242e+00
2.1771e-01 8.0123e+00
2.0638e-01 8.0003e+00
1.9506e-01 7.9884e+00
1.8373e-01 7.9764e+00
1.7240e-01 7.9645e+00
1.6107e-01 7.9525e+00
1.4974e-01 7.9406e+00
1.3841e-01 7.9286e+00
1.2709e-01 7.9166e+00
1.1576e-01 7.9047e+00
1.0443e-01 7.8927e+00
9.3097e-02 7.8808e+00
8.1767e-02 7.8688e+00
7.0437e-02 7.8568e+00
5.9107e-02 7.8449e+00
4.7776e-02 7.8329e+00
3.6445e-02 7.8209e+00
2.5113e-02 7.8090e+00
1.3781e-02 7.7970e+00
2.4492e-03 7.7850e+00
-8.8834e-03 7.7731e+00
-2.0216e-02 7.7611e+00
-3.1550e-02 7.7491e+00
-4.2884e-02 7.7372e+00
-5.4218e-02 7.7252e+00
-6.5553e-02 7.7132e+00
-7.6889e-02 7.7012e+00
-8.8225e-02 7.6893e+00
-9.9561e-02 7.6773e+00
-1.1090e-01 7.6653e+00
-1.2224e-01 7.6533e+00
-1.3357e-01 7.6413e+00
-1.4491e-01 7.6293e+00
-1.5625e-01 7.6174e+00
-1.6760e-01 7.6054e+00
-1.7894e-01 7.5934e+00
-1.9028e-01 7.5814e+00
-2.0162e-01 7.5694e+00
-2.1297e-01 7.5574e+00
-2.2431e-01 7.5454e+00
-2.3566e-01 7.5334e+00
-2.4701e-01 7.5214e+00
-2.5836e-01 7.5094e+00
-2.6971e-01 7.4973e+00
-2.8106e-01 7.4853e+00
-2.9241e-01 7.4733e+00
-3.0377e-01 7.4613e+00
-3.1512e-01 7.4493e+00
-3.2648e-01 7.4372e+00
-3.3784e-01 7.4252e+00
-3.4921e-01 7.4131e+00
-3.6057e-01 7.4011e+00
-3.7194e-01 7.3891e+00
-3.8330e-01 7.3770e+00
-3.9468e-01 7.3650e+00
-4.0605e-01 7.3529e+00
-4.1743e-01 7.3408e+00
-4.2881e-01 7.3288e+00
-4.4019e-01 7.3167e+00
-4.5157e-01 7.3046e+00
-4.6296e-01 7.2925e+00
-4.7436e-01 7.2804e+00
-4.8575e-01 7.2683e+00
-4.9715e-01 7.2562e+00
-5.0856e-01 7.2441e+00
-5.1997e-01 7.2319e+00
-5.3138e-01 7.2198e+00
-5.4280e-01 7.2077e+00
-5.5423e-01 7.1955e+00
-5.6566e-01 7.1834e+00
-5.7709e-01 7.1712e+00
-5.8854e-01 7.1590e+00
-5.9999e-01 7.1468e+00
-6.1145e-01 7.1346e+00
-6.2291e-01 7.1224e+00
-6.3439e-01 7.1102e+00
-6.4587e-01 7.0979e+00
-6.5736e-01 7.0857e+00
-6.6886e-01 7.0734e+00
-6.8038e-01 7.0611e+00
-6.9190e-01 7.0488e+00
-7.0344e-01 7.0365e+00
-7.1498e-01 7.0242e+00
-7.2655e-01 7.0118e+00
-7.3812e-01 6.9994e+00
-7.4971e-01 6.9871e+00
-7.6132e-01 6.9746e+00
-7.7294e-01 6.9622e+00
-7.8458e-01 6.9498e+00
-7.9624e-01 6.9373e+00
-8.0792e-01 6.9248e+00
-8.1962e-01 6.9123e+00
-8.3134e-01 6.8997e+00
-8.4308e-01 6.8871e+00
-8.5485e-01 6.8745e+00
-8.6665e-01 6.8619e+00
-8.7847e-01 6.8493e+00
-8.9032e-01 6.8366e+00
-9.0220e-01 6.8238e+00
-9.1412e-01 6.8111e+00
-9.2606e-01 6.7983e+00
-9.3805e-01 6.7855e+00
-9.5007e-01 6.7726e+00
-9.6212e-01 6.7597e+00
-9.7422e-01 6.7468e+00
-9.8636e-01 6.7339e+00
-9.9854e-01 6.7209e+00
-1.0108e+00 6.7078e+00
-1.0230e+00 6.6947e+00
-1.0353e+00 6.6816e+00
-1.0477e+00 6.6685e+00
-1.0601e+00 6.6553e+00
-1.0726e+00 6.6421e+00
-1.0851e+00 6.6288e+00
-1.0976e+00 6.6155e+00
-1.1102e+00 6.6022e+00
-1.1228e+00 6.5888e+00
-1.1355e+00 6.5755e+00
-1.1482e+00 6.5621e+00
-1.1609e+00 6.5486e+00
-1.1737e+00 6.5352e+00
-1.1864e+00 6.5218e+00
-1.1992e+00 6.5084e+00
-1.2119e+00 6.4950e+00
-1.2246e+00 6.4816e+00
-1.2372e+00 6.4682e+00
-1.2497e+00 6.4549e+00
-1.2622e+00 6.4416e+00
-1.2745e+00 6.4284e+00
-1.2866e+00 6.4153e+00
-1.2985e+00 6.4023e+00
-1.3102e+00 6.3893e+00
-1.3217e+00 6.3764e+00
-1.3329e+00 6.3636e+00
-1.3438e+00 6.3510e+00
-1.3543e+00 6.3384e+00
-1.3645e+00 6.3259e+00
-1.3744e+00 6.3136e+00
-1.3839e+00 6.3013e+00
-1.3932e+00 6.2891e+00
-1.4021e+00 6.2770e+00
-1.4107e+00 6.2649e+00
-1.4190e+00 6.2529e+00
-1.4271e+00 6.2409e+00
-1.4350e+00 6.2289e+00
-1.4428e+00 6.2170e+00
-1.4503e+00 6.2051e+00
-1.4578e+00 6.1932e+00
-1.4652e+00 6.1813e+00
-1.4725e+00 6.1694e+00
-1.4798e+00 6.1576e+00
-1.4870e+00 6.1457e+00
-1.4943e+00 6.1338e+00
-1.5015e+00 6.1219e+00
-1.5088e+00 6.1100e+00
-1.5161e+00 6.0982e+00
-1.5235e+00 6.0863e+00
-1.5308e+00 6.0744e+00
-1.5383e+00 6.0625e+00
-1.5458e+00 6.0507e+00
-1.5533e+00 6.0388e+00
-1.5609e+00 6.0269e+00
-1.5686e+00 6.0151e+00
-1.5763e+00 6.0032e+00
-1.5841e+00 5.9914e+00
-1.5919e+00 5.9796e+00
-1.5998e+00 5.9677e+00
